相当于列重排

```python
>>> x=torch.randn(2,3,4)
>>> x
tensor([[[-0.0838, -0.3586, -1.0149, -0.3113],
         [ 0.5463, -1.2165,  0.3033,  0.0918],
         [ 1.7755,  0.6200,  0.9772, -0.5854]],

        [[ 0.9753, -1.7760, -0.7725, -1.1971],
         [-2.6366, -1.9904,  0.2853, -2.5066],
         [-0.0554, -0.1007,  0.4050, -0.4478]]])
>>> x.permute(1,0,2)
tensor([[[-0.0838, -0.3586, -1.0149, -0.3113],
         [ 0.9753, -1.7760, -0.7725, -1.1971]],

        [[ 0.5463, -1.2165,  0.3033,  0.0918],
         [-2.6366, -1.9904,  0.2853, -2.5066]],

        [[ 1.7755,  0.6200,  0.9772, -0.5854],
         [-0.0554, -0.1007,  0.4050, -0.4478]]])
>>> x.permute(0,1,2)
tensor([[[-0.0838, -0.3586, -1.0149, -0.3113],
         [ 0.5463, -1.2165,  0.3033,  0.0918],
         [ 1.7755,  0.6200,  0.9772, -0.5854]],

        [[ 0.9753, -1.7760, -0.7725, -1.1971],
         [-2.6366, -1.9904,  0.2853, -2.5066],
         [-0.0554, -0.1007,  0.4050, -0.4478]]])

```

### why permute

